#id	ref1	break_pos1	region1	ref2	break_pos2	region2	num_span	num_paired	genes_1	genes_2	fusion_class
237	11	47504408	[47504101,47504415]	15	70342139	[70342137,70342543]	83	61	CELF1	TLE3	inter-chromosomal
576	2	157287228	[157287225,157287547]	4	166220808	[166220659,166220809]	49	75	none	KLHL2	inter-chromosomal
417	17	73493279	[73493194,73493279]	14	21181081	[21180777,21181081]	24	81	KIAA0195	none	inter-chromosomal
215	10	119800077	[119799788,119800077]	15	41032329	[41032329,41032392]	46	68	RAB11FIP2;RP11-354M20.3	FAM82A2	inter-chromosomal
168	10	73121709	[73121709,73122045]	3	156421493	[156421213,156421493]	53	60	SLC29A3	TIPARP	inter-chromosomal
451	3	195615296	[195615296,195615477]	16	667207	[667207,667269]	38	62	TNK2	RAB40C	inter-chromosomal
388	12	109217137	[109217034,109217137]	15	45466421	[45466421,45466642]	49	53	SSH1	SHF	inter-chromosomal
253	18	10311058	[10310751,10311061]	11	66610320	[66610320,66610540]	33	59	none	C11orf80;RCE1	inter-chromosomal
581	2	187360061	[187359958,187360061]	9	88692508	[88692322,88692508]	38	55	ZC3H15	GOLM1	inter-chromosomal
186	6	35393608	[35393608,35393948]	10	99236592	[99236592,99236720]	52	47	PPARD	MMS19	inter-chromosomal
475	17	48557990	[48557680,48557990]	16	84801871	[84801869,84801964]	54	45	RSAD1	USP10	inter-chromosomal
373	12	53686357	[53686357,53686441]	15	81575097	[81574980,81575097]	43	50	ESPL1	IL16	inter-chromosomal
439	9	97823092	[97822976,97823092]	15	31206059	[31206059,31206294]	40	50	C9orf3	FAN1	inter-chromosomal
127	10	6264818	[6264818,6264947]	11	30352921	[30352567,30352921]	46	47	PFKFB3	C11orf46	inter-chromosomal
550	19	10465214	[10465214,10465285]	2	120989741	[120989479,120989741]	43	47	TYK2	none	inter-chromosomal
529	17	65887960	[65887960,65888150]	5	82071212	[82070871,82071216]	40	47	BPTF	none	inter-chromosomal
469	5	136314143	[136314143,136314448]	16	56961174	[56961170,56961471]	13	58	SPOCK1	none	inter-chromosomal
265	12	123428938	[123428938,123429066]	11	102370844	[102370499,102370845]	9	59	ABCB9	none	inter-chromosomal
428	X	71491892	[71491892,71492245]	14	50263015	[50262951,50263019]	25	47	RPS4X	NEMF	inter-chromosomal
29	1	45116562	[45116376,45116567]	8	91094643	[91094297,91094643]	40	37	RNF220	CALB1	inter-chromosomal
582	2	187360061	[187359960,187360061]	9	88694259	[88694107,88694259]	39	37	ZC3H15	GOLM1	inter-chromosomal
456	16	2153628	[2153518,2153629]	2	42396777	[42396534,42396777]	45	34	PKD1	AC083949.1;EML4	inter-chromosomal
260	12	81241877	[81241877,81241954]	11	84148852	[84148490,84148852]	52	30	LIN7A	DLG2	inter-chromosomal
189	12	52465218	[52464943,52465218]	10	104182561	[104182561,104182845]	8	52	C12orf44	FBXL15	inter-chromosomal
425	2	231825781	[231825490,231825781]	14	31112611	[31112522,31112611]	18	46	GPR55	SCFD1	inter-chromosomal
437	17	1381265	[1381185,1381265]	15	25245423	[25245390,25245424]	23	39	MYO1C	SNHG14;SNURF	inter-chromosomal
536	17	72610173	[72610064,72610173]	19	54692287	[54692287,54692365]	31	31	CD300E	MBOAT7	inter-chromosomal
542	7	73152658	[73152658,73152793]	17	76107862	[76107609,76107862]	32	29	ABHD11	none	inter-chromosomal
4	1	11723384	[11723067,11723384]	1	161146369	[161146224,161146369]	16	36	FBXO44	B4GALT3	intra-chromosomal
245	9	111800490	[111800297,111800490]	11	61643583	[61643583,61643662]	39	23	TMEM245	FADS3	inter-chromosomal
24	1	32716026	[32716026,32716335]	1	109524355	[109524355,109524486]	25	30	none	WDR47	intra-chromosomal
92	2	73461435	[73461435,73461512]	1	108026080	[108025748,108026080]	30	27	CCT7	NTNG1	inter-chromosomal
647	5	161063902	[161063790,161063902]	5	133478680	[133478680,133478791]	19	32	GABRA6	TCF7	intra-chromosomal
418	14	24677172	[24677170,24677446]	7	48148316	[48148061,48148316]	20	30	TSSK4	UPP1	inter-chromosomal
585	2	218672798	[218672797,218672830]	22	38028608	[38028608,38028919]	16	30	TNS1	GGA1	inter-chromosomal
440	9	97843062	[97842976,97843062]	15	31206057	[31206057,31206294]	43	16	C9orf3	FAN1	inter-chromosomal
538	19	54692286	[54692286,54692365]	17	72613605	[72613261,72613605]	12	28	MBOAT7	CD300E	inter-chromosomal
623	7	99709543	[99709543,99709622]	3	105252446	[105252446,105252534]	46	10	TAF6	ALCAM	inter-chromosomal
287	9	123232388	[123232388,123232498]	12	30894042	[30893954,30894042]	28	19	CDK5RAP2	CAPRIN2	inter-chromosomal
111	12	85409665	[85409665,85410018]	1	155209870	[155209754,155209876]	20	23	TSPAN19	GBA	inter-chromosomal
10	1	27124050	[27124048,27124341]	16	13334530	[13334528,13334811]	20	22	PIGV	none	inter-chromosomal
213	15	41032330	[41032330,41032392]	10	119798952	[119798648,119798952]	32	16	FAM82A2	RAB11FIP2	inter-chromosomal
596	22	30189566	[30189566,30189665]	X	46937779	[46937779,46938093]	12	26	ASCC2	RGN	inter-chromosomal
220	11	828257	[828257,828589]	6	135502676	[135502458,135502679]	19	22	EFCAB4A	MYB	inter-chromosomal
410	13	111966176	[111965857,111966179]	3	49462800	[49462800,49462871]	11	25	none	NICN1	inter-chromosomal
15	19	42839449	[42839449,42839537]	1	31212655	[31212655,31212784]	23	18	MEGF8	LAPTM5	inter-chromosomal
438	9	97811337	[97811095,97811337]	15	31206061	[31206061,31206294]	4	26	C9orf3	FAN1	inter-chromosomal
122	17	38793744	[38793744,38793824]	1	206679655	[206679655,206679957]	8	23	SMARCE1	none	inter-chromosomal
278	12	7883393	[7883393,7883508]	16	23588534	[23588534,23588839]	7	22	CLEC4C	none	inter-chromosomal
218	11	747417	[747417,747578]	5	131728307	[131728125,131728307]	17	17	TALDO1	SLC22A5	inter-chromosomal
634	4	114378721	[114378447,114378721]	7	33069241	[33069236,33069326]	18	15	CAMK2D	AVL9;NT5C3	inter-chromosomal
81	1	60125891	[60125887,60125965]	X	153199113	[153199110,153199429]	14	17	FGGY	ARHGAP4;NAA10	inter-chromosomal
179	17	26782771	[26782771,26783004]	10	87489372	[87489270,87489372]	11	16	RP11-192H23.4	GRID1	inter-chromosomal
35	1	52261380	[52261111,52261380]	16	22339908	[22339669,22339912]	11	16	NRD1	POLR3E	inter-chromosomal
540	17	72619897	[72619721,72619898]	19	54692287	[54692287,54692365]	11	16	CD300E	MBOAT7	inter-chromosomal
446	6	168319415	[168319415,168319613]	15	74469213	[74468912,74469213]	7	17	MLLT4	ISLR	inter-chromosomal
471	16	67473051	[67472874,67473051]	7	100224386	[100224386,100224526]	10	14	ATP6V0D1	TFR2	inter-chromosomal
249	13	52585547	[52585423,52585547]	11	65426202	[65426199,65426293]	17	10	ATP7B	RELA	inter-chromosomal
621	6	130758262	[130758262,130758458]	3	50325802	[50325802,50326102]	14	11	TMEM200A	IFRD2	inter-chromosomal
133	10	18823003	[18823003,18823156]	11	47546076	[47546076,47546211]	10	11	CACNB2	CELF1	inter-chromosomal
224	15	75094372	[75094338,75094372]	11	7655725	[7655725,7655783]	3	14	CSK	PPFIBP2	inter-chromosomal
421	14	24736983	[24736866,24736983]	17	17207792	[17207678,17207792]	7	12	RABGGTA	NT5M	inter-chromosomal
608	3	12877601	[12877601,12877722]	5	132335893	[132335824,132335893]	17	5	RPL32	ZCCHC10	inter-chromosomal
444	19	49218167	[49218063,49218167]	15	40558697	[40558432,40558697]	5	9	MAMSTR	PAK6;RP11-133K1.2	inter-chromosomal
480	17	7259487	[7259487,7259557]	8	104927822	[104927741,104927822]	15	3	TMEM95	RIMS2	inter-chromosomal
211	15	41032331	[41032331,41032392]	10	119774621	[119774576,119774621]	3	9	FAM82A2	RAB11FIP2	inter-chromosomal
604	22	50312546	[50312405,50312546]	6	32007523	[32007523,32007598]	18	1	CRELD2	CYP21A2	inter-chromosomal
228	21	28208606	[28208606,28208837]	11	8615503	[8615323,8615503]	6	5	ADAMTS1	STK33	inter-chromosomal
131	14	23612417	[23612351,23612417]	10	14597820	[14597820,14597883]	15	0	SLC7A8	FAM107B	inter-chromosomal
95	20	43112976	[43112976,43113039]	1	111991571	[111991494,111991571]	12	1	TTPAL	ATP5F1;WDR77	inter-chromosomal
284	9	123184970	[123184970,123185019]	12	30894042	[30893954,30894042]	4	5	CDK5RAP2	CAPRIN2	inter-chromosomal
14	1	29319968	[29319842,29319968]	11	1912084	[1911878,1912084]	6	4	EPB41	C11orf89	inter-chromosomal
172	14	22568970	[22568970,22569017]	10	87487810	[87487749,87487810]	13	0	none	GRID1	inter-chromosomal
589	5	136314143	[136314143,136314184]	20	50339471	[50339471,50339509]	12	0	SPOCK1	ATP9A	inter-chromosomal
21	1	31347436	[31347240,31347436]	17	56439905	[56439905,56440009]	4	2	SDC3	RNF43	inter-chromosomal
567	2	27535642	[27535572,27535642]	2	242577136	[242577113,242577140]	6	0	MPV17	ATG4B	intra-chromosomal
424	14	31112611	[31112543,31112611]	2	122637427	[122637427,122637470]	7	0	SCFD1	none	inter-chromosomal
